  38  81  63 104 243 211 109 134 243  26 160  76 186 171 136  96
 233  38 254  54 235 155 182  34  97  75 189 190 185 112  30 127
  98  53 210 202 173  55  37 104 174 176  73 194 115 126 233 165
 117 150 240 249 221 118 159  81  36 111  54 160 205 163 130  66
  91  88  46  75  25 150  61  10  48  57 187  41  47   3 100 123
  46  60 217 138 164 238 223 113  70   2  56 188 231 245 183 149
  66  16 145   6  50 108 222 213 138 191 137  36 252 171 240  36
 255  75  88 153 157 140  14 137 162   4 177 251 237  24 132 135
 184 226  97  36   1  69 150 114 185 178 153  58 211 103 143   9
   4  84  12 128 136 112
